5.668878270468513669e-01,-3.041877418568686431e-01,2.965050878163187908e-01,-1.034069635251765595e-01,1.147859790267616864e-01,1.245297406169730559e-01,-3.381515081604558604e-01,-7.050371168276779732e-02,1.167184937242152082e-01,2.778189156541887583e-01,-1.812494504259046513e-01,4.827205316296390158e-02,-9.550477393194493902e-02,3.530520736619326971e-01,-2.518322396332348112e-02,-6.614038662469499952e-02,1.280731809190018347e-02,3.584550894706917679e-01,-3.735470530865371563e-02,2.373311846925975077e-01,-1.229775941345613161e-01,1.578954574396692068e-01,3.388554098791581315e-01,-1.462354386184128718e-01,1.924425231314932233e-02,1.674213384295926976e-01,-1.779563380202249245e-01,6.502036505233138586e-02,1.621314100974897698e-01,-3.058212861232455504e-01,1.338128536610897201e-01,2.074644226793664892e-01,3.399001222717920601e-01,7.609162336725880382e-02,4.267433058617715880e-02,-1.566799041742855392e-01,-6.384052665703947305e-02,-2.290006426571442877e-01,-3.530172627700740862e-02,3.030263393304282737e-01,-3.840091406787070945e-03,-1.152412554616513152e-01,5.325468295423435583e-01,3.760016720869379520e-02,3.753526704816284587e-01,-3.096753579120546940e-01,-6.608801489166983567e-02,2.604752509632795587e-01,1.553063464032287955e-01,2.930901671873917258e-01,3.312363952160927300e-02,-2.706606635568395425e-01,1.106135480135909538e-01,-9.245770534851177613e-02,-2.477188496735072409e-01,7.327996738404730925e-02,1.621402326364400652e-03,4.694276472665426247e-02,-2.036355132582122751e-01,1.047603304100609839e-01,-1.251666245888770346e-01,1.915180204354161031e-01,-8.276463775949259583e-02,-1.324817651750274661e-01,8.484028926837422491e-02,-1.801823200634425359e-01,-6.416052976450757617e-02,8.632774650545292291e-03,2.989968976887460439e-01,8.397063944072021696e-04,-4.404131061927601953e-01,-3.854574577983863048e-01,-2.820123044564751824e-01,-5.148219684188670708e-01,-2.604639940803312181e-01,1.428252684830910446e-01,2.038495424695928315e-02,-1.945047729831994865e-01,1.379091351331718507e-01,-3.310717210819704159e-01,-5.288125448445816362e-02,1.302655204746173134e-01,-3.691385957482863911e-01,1.789889908745414537e-01,-6.531620480579203303e-01,-2.290310762592682459e-01,9.019270348257595049e-02,-8.545711337888808878e-02,-2.224841111616544520e-01,-4.852828717249475510e-01,2.227544984175921783e-01,-6.006406681200131548e-01,2.646506172516493449e-01,-1.597817354727865402e-01,4.168418475699313397e-02,2.288778301387644765e-01,-3.357087824081582683e-01,-1.250811902448188406e-01,-6.934762974806001068e-02,-2.176592987702723747e-01
-3.041877418568686431e-01,3.483665893817152748e-01,-2.521742386213160492e-01,1.829192865591263983e-01,-1.234532230247718382e-01,-1.029610141515207716e-01,2.039501891854013094e-01,1.348725289482825551e-01,1.277750618184290629e-02,-1.821122880900525598e-01,-4.161298983322356260e-02,1.765639265165934836e-03,2.698323405312398962e-02,-3.095142835861916519e-01,9.127531837786703739e-02,1.126581410706203323e-01,1.186453572964155101e-02,-2.171307033086546656e-01,1.507880951241248602e-01,-1.961273102489446973e-01,-1.718447709464646922e-01,-9.831929320050382393e-02,-3.395283757225766030e-01,1.528352354161962579e-01,8.741723110674107233e-02,-1.965770618658480295e-01,2.256693448794879764e-01,9.072233007629226798e-02,-2.378010628055107212e-01,6.936645663056466293e-02,3.072247207624603446e-02,-4.827926452663873491e-02,-1.016928031820127087e-01,-1.652363843746990080e-01,1.538040046560965879e-01,1.595683407730128511e-01,5.606487885305163439e-04,2.345842525190846850e-01,-3.103822652861484149e-02,-1.258501884826173922e-01,2.153630088436267187e-01,1.007479138344580388e-01,-2.478787955298424328e-01,1.057820934264271789e-01,-4.405137002881674979e-01,1.788644944984407736e-01,2.921128854063836586e-02,-1.122086509275865146e-01,-1.356258272526068842e-01,-3.203764518177390497e-01,7.020388838290855804e-02,1.036257921921279607e-01,4.590787086825667135e-02,1.424128488131318482e-01,2.286596348641370402e-01,1.764153399000522367e-03,-5.750869306664146280e-02,-3.953244021982940670e-02,1.470226405291903404e-01,-9.070890591041964879e-02,3.006307423990479608e-03,8.949139401813192840e-02,5.941108502587056500e-02,1.555026827290380449e-02,6.832242290689949371e-02,-3.139295545561675282e-02,1.073629970614826956e-01,2.315066342273027628e-02,-2.694877921265972920e-01,7.901453105674650923e-02,1.123814475934272472e-01,2.226482047654198271e-01,1.392216747833605606e-01,1.968458740502110893e-01,1.075777902881353831e-01,-1.620779771001943093e-01,5.236722833348233380e-02,1.406635201511923228e-01,1.231578764457572951e-02,2.845823106715670847e-01,-1.073693056279942520e-01,-2.675486830613274525e-01,3.310777683603634558e-01,-2.447075263263490397e-01,5.314965985035690066e-01,1.451185879584159510e-01,-9.940509308318692949e-02,7.954083690530172612e-02,1.486113312846629730e-01,3.131373375399681414e-01,-1.654015328305441790e-01,4.704560586204380446e-01,-2.053706829787769472e-01,1.934622173534893685e-01,-8.373831157142952453e-02,-3.381346463727641360e-01,1.388615894223321767e-01,1.472598867012451795e-01,8.960331340499409769e-02,1.216416731049391013e-02
2.965050878163187908e-01,-2.521742386213160492e-01,5.801971977925250989e-01,-1.237571303013182827e-01,1.327638689842028374e-01,-8.544996945118903120e-02,-7.677220860948383296e-02,-1.800080422422455431e-02,2.268337505794391085e-01,1.473256537888596451e-01,-1.192366601446391977e-01,-3.009146016327705550e-02,2.246481441886463148e-01,1.944062702980968449e-01,-1.467484716238036998e-03,-6.506671813134096150e-02,-5.842040327638357844e-02,1.819451827679560707e-01,2.256692345178004308e-02,1.654299544107323550e-01,1.678080108510048019e-01,1.005956811614936858e-01,4.020940541527252554e-01,-1.021029066363520615e-01,1.643293070645370502e-01,9.240561537703638473e-02,-1.600404272544334594e-01,-1.539017167805225572e-01,1.324824395400195920e-01,-8.218179018411320147e-03,1.206956834162325048e-01,8.536531648304411524e-02,2.247207101383669192e-02,2.949893814829085970e-01,-2.711481680474087802e-02,-1.463869040017645451e-01,-2.635070774918763514e-01,-2.899939744189246604e-01,1.204979539796832977e-01,2.260766268792343547e-01,-1.497902100643798140e-01,1.476714618298846649e-01,2.988966090339797987e-01,6.087842825963389604e-02,5.633755539416037683e-01,-1.187610907653649170e-02,4.738813348320576602e-02,1.117607380893301389e-01,4.066272218994169685e-01,3.828786774742677923e-01,-3.229582727592202746e-02,-7.078136360319210729e-02,-5.512293801880593924e-02,-1.300959956340480561e-01,2.937528556168811020e-02,1.510765263180464946e-01,-7.706921879440500889e-02,1.245504517712434367e-01,-1.665497810864840222e-01,4.511016140270674574e-02,1.192559393082796154e-01,1.898315822490235366e-02,-6.963326215889427406e-02,1.712340568530524298e-01,2.512939440273241898e-01,-2.366086055320431869e-01,-1.591845439531323625e-01,-1.157172893521169615e-01,3.566944335991306114e-01,-9.848515438133162436e-02,-2.370621787949511172e-01,-2.770912885632728084e-01,-8.142111671720733690e-02,-9.874705894798083139e-02,-2.620206492107212126e-01,8.655414877211376617e-03,2.291218100348044878e-02,-1.200139442072894191e-01,2.681066922732369684e-01,-1.450039258416140064e-01,7.875234135686001724e-02,2.237581894879556443e-01,-2.928187120128941112e-01,2.603309032615788721e-01,-7.021564675476933415e-01,7.265847605806251275e-02,1.407920201642728075e-01,-7.061924130993098292e-02,-1.121917361047885253e-01,-1.652136376800628081e-01,1.601615797139820663e-01,-5.038045099160545215e-01,3.427787288833122337e-01,-3.568639907772310216e-01,-7.374497393171886017e-02,3.041322929357567206e-01,-1.570551047621467355e-01,-1.266709147939163727e-01,-5.167087077976691839e-02,-2.344304040953472737e-02
-1.034069635251765595e-01,1.829192865591263983e-01,-1.237571303013182827e-01,5.532647697599569758e-01,-2.624003244031041654e-02,-3.694936495000520488e-02,-3.039953082786092838e-03,2.880484149422717355e-01,2.924219287365020237e-01,-5.359632037692753023e-03,-4.489551476574333844e-01,-1.232557107541741720e-01,1.927419647197686214e-01,-1.447651063451981246e-01,-1.217738465709696481e-02,2.735976980574713058e-01,-7.979731469749717920e-02,-5.415798162930540727e-02,2.029570184887489470e-01,-1.613396964886358032e-01,-4.234904643665769464e-01,-6.427868651600053551e-02,-3.137817411456517713e-01,1.109332388584632380e-02,4.162646149247850591e-01,-1.586437773065135781e-01,3.624425642138257714e-02,1.686501758336112211e-01,-2.379373592381877345e-01,-8.850484755034443429e-02,1.103716445244158767e-01,9.034264842871934931e-02,7.032200698323097521e-02,-2.233293869372347251e-01,2.881679582575026322e-01,1.450355549087890550e-01,-1.795240141207819495e-01,1.234568927651235604e-01,-9.980880374917124043e-02,1.912044637043502360e-01,2.070063993127278790e-01,1.597527371474604385e-01,-6.126323365593749209e-02,3.943811228498833588e-01,-2.712015240827978513e-01,4.095871080500516903e-02,4.653615290776140501e-02,1.211562522647007950e-01,-1.333834876272044223e-01,-1.038261866882689982e-01,-2.046482055211785306e-02,-1.779062094097073055e-01,1.668727562709569623e-01,1.922209458852940922e-01,1.891875105751839592e-01,-1.155066054031763864e-02,-1.189062451639816970e-01,1.004369823285805596e-01,-4.139364719136496423e-02,-1.908341427414958213e-01,1.378281197248892032e-01,1.941314903335890352e-01,1.225619871405072975e-01,-2.045144742040500563e-01,2.777943921104669145e-01,-1.395438672340922337e-01,-9.866621752350360208e-02,3.337727641205900930e-02,-1.509880403707785368e-01,2.401650863815278994e-02,-1.256493658209055786e-01,1.713973079296947366e-01,5.057110843415526386e-02,-1.631039549034361477e-02,-2.875324081026620626e-01,-3.019934237567173940e-01,3.965934058855535155e-02,-1.604222400313831953e-01,1.621088321358502005e-01,5.740940236644288125e-02,-8.639901843202028864e-02,-3.753210262732686875e-01,3.687522011230341401e-01,-1.821629411041171820e-01,8.642131479393477811e-02,-4.087555892087521570e-02,1.763163995895866698e-01,1.718035502899898093e-01,2.021722287838784993e-01,1.691785553042509382e-01,5.662924385320361464e-02,2.687984781860222605e-01,1.300164414120302536e-01,2.107415698044470265e-01,-1.707748814653968772e-01,-2.081101754038117702e-01,-1.623799273640899599e-01,8.879172857536517249e-02,5.737757003765713709e-02,-2.126717528811675750e-01
1.147859790267616864e-01,-1.234532230247718382e-01,1.327638689842028374e-01,-2.624003244031041654e-02,2.151196708872137875e-01,2.234465536834697244e-02,1.569456289385943656e-02,-2.393095605994127045e-02,7.371209869815137372e-02,1.673422707843145729e-01,3.507684306593825824e-02,-7.270028350237428549e-02,-8.680499691804640858e-03,2.003423529220713928e-01,3.582508709226268299e-03,1.956093112838886913e-02,6.845785825157680096e-03,1.154963046298480428e-01,-2.149846279908209853e-02,8.958323197482150058e-02,5.926244881442492562e-02,1.200046146851598133e-01,9.773081788511606138e-03,-2.125412375989117753e-02,-3.504124505048349797e-02,1.078651364332249840e-01,-7.200491388975135965e-02,-3.839709769381865340e-02,1.508495135924958763e-01,-2.479719692358412636e-02,-5.808654339046871729e-02,1.589304364413380022e-01,4.289117548333005320e-02,8.889873091226724311e-02,-2.145213185432052073e-03,2.092950196594532686e-02,2.289721390609374824e-02,-1.040390801881238558e-01,1.262987640115867914e-02,-4.418330016847045461e-02,4.544239156332152349e-03,-1.137371694262986725e-02,1.585248691776583729e-01,-7.373513210961082746e-03,1.578123875186897562e-01,-1.471904669195711890e-01,8.320755393953672627e-03,-1.716525421275007582e-02,5.090772975122814792e-02,2.089888218855406044e-01,2.956562037527197401e-02,7.664919606691034115e-02,-1.031093325096657798e-01,-1.050314619089452589e-01,3.767663252993815048e-02,-2.619053742032083007e-02,7.960821580425922472e-02,-6.225943394738915615e-02,-6.403756024359744115e-02,4.753202886592327453e-02,-8.858337999131524892e-03,5.586686860644798219e-02,-7.481367831844162875e-02,1.695551017761574505e-02,8.115566005128697913e-02,-1.350255677408514765e-01,-4.278964913918335833e-02,-1.738222100429867301e-01,1.264768228236685076e-02,-2.200420390733051623e-02,-1.246263210717739843e-02,-8.978168389711151109e-02,3.626264837241767458e-02,-6.388916087210461114e-02,-2.047735979907919224e-02,-4.193298274362149136e-02,6.838220561606807302e-02,-1.711965368381918387e-02,-7.740609495840796231e-03,-1.020830873067207489e-01,7.119279286784448157e-02,1.615538711367893177e-01,-2.582457260969869828e-01,8.639453139752485689e-02,-1.590843829629533801e-01,-4.522940729683529865e-02,4.335896550275863265e-02,-4.431415649436935833e-02,2.273000020041918492e-02,-3.642881417697058782e-02,1.096648988293598762e-02,-6.161602943656411396e-02,2.143706709335528246e-02,-1.049140730295065604e-01,-5.078162970819633665e-03,7.257314823744377696e-02,-7.506942702141763957e-02,4.601881388530400935e-02,3.500558511648927534e-02,-9.057725297571206369e-02
1.245297406169730559e-01,-1.029610141515207716e-01,-8.544996945118903120e-02,-3.694936495000520488e-02,2.234465536834697244e-02,3.681490829603776826e-01,-2.015427323037999319e-01,5.388767464024599163e-03,-2.399003578299606088e-01,9.430412200651018539e-02,-1.964649982642623430e-02,7.590403887711905107e-02,-1.560290821323591925e-01,1.639670966355457893e-01,7.497992895991104079e-02,-5.102082275465273653e-02,-2.254150257433756507e-02,-3.840420195098995237e-02,-2.076952244544722215e-01,2.450808817089346059e-01,7.273990688834888751e-02,1.419139285289452122e-02,1.423287495285428528e-01,-1.396299640602110259e-01,-1.850464088453099010e-01,5.683163237195133083e-02,2.582069746404318938e-02,-1.601042852395409685e-03,1.412130566906338869e-01,-5.463568647045181220e-02,6.487537188689079803e-02,-1.112182781004044108e-01,1.301847295316362341e-01,-1.536981378580207780e-01,8.681297451080324801e-02,-9.965527001430932175e-02,1.596970659087212224e-02,-2.314203518930712522e-01,-1.227889146023062629e-02,1.893245314420147762e-01,-2.801022442289501369e-01,-1.329650703407486700e-01,1.531792106039611967e-01,-1.360382756617348754e-01,6.196607191423004340e-02,3.601711053528716677e-02,-6.775389167835042803e-02,1.334476822304240806e-01,-1.902025347389072960e-02,6.005520234959048353e-02,-4.772149810444460682e-02,-1.723192287891948948e-01,1.200527973155279815e-01,-2.922428386482206139e-02,-2.963164562974747174e-01,-1.281602462730932757e-01,-2.827171125336177052e-02,1.682580152049029804e-02,-7.512498192174670020e-02,1.531761761609076178e-01,-2.192712536246006205e-01,-5.967051870663427765e-02,-2.428605024317074396e-02,-7.215875538573922332e-02,-1.284998356816660359e-01,1.531739459447078455e-01,-2.627447210641266351e-03,1.332365096640303614e-01,1.194345330963293150e-01,-2.003165316078368008e-01,-3.849162243624365543e-02,-9.694995359937522150e-02,-2.847971034276343683e-01,-1.080807262481241066e-01,3.279140845726851577e-02,2.094202164971334101e-01,-9.230350671164952447e-02,-5.250904844450193093e-02,-1.854990483988476213e-01,-1.191936589054715528e-01,1.767636385696744750e-01,8.206926378592977953e-03,-1.050036521256659527e-01,-6.848823907488245377e-02,-1.799560983124885161e-01,-1.531517420394335194e-01,6.141327075717784023e-02,5.031138385588243556e-02,-1.221988344307319008e-01,-2.957561293975797811e-01,1.692556927586913451e-01,-3.131252765476961186e-01,9.506599840157324566e-02,1.647939455233115441e-02,1.749791180219153475e-01,3.255546047783868802e-01,-2.224928543318274374e-02,-1.274168204237257906e-01,-2.093938673970948960e-01,8.987901260166913583e-03
-3.381515081604558604e-01,2.039501891854013094e-01,-7.677220860948383296e-02,-3.039953082786092838e-03,1.569456289385943656e-02,-2.015427323037999319e-01,6.179379183610128612e-01,-7.033008396990357569e-02,-4.283398706394089817e-02,-2.328859608403812398e-01,3.278876570453098105e-01,-1.207304652886792284e-01,1.333974069918437977e-01,-2.890332546159477545e-01,5.384295546550972589e-02,2.895117656111658930e-02,2.701064130480862815e-02,-2.388673254079875241e-01,7.634699077249051946e-02,-2.997606370406751819e-01,2.410253086368292774e-01,-5.881386830556806916e-02,-2.874463116813747443e-01,1.999766140696213890e-01,-1.273103251264085800e-01,-9.211365201158580596e-02,2.005320111879100309e-01,-1.056616608662754864e-01,-1.243518710232895536e-01,1.935232714494803385e-01,-2.001303323089165531e-01,-6.462938067089682437e-02,-3.850388082375089116e-01,3.528893102837458301e-02,-1.443936591235237266e-01,1.468900661018900655e-01,4.446491030155508284e-02,2.448354923231494118e-01,4.954695671341582258e-02,-4.586642810464011122e-01,1.112996702352854195e-01,9.688576573805685044e-02,-4.799553437064068562e-01,-7.565783572318217354e-02,-2.213811599599607161e-01,1.461901498268618205e-01,1.321264129807412646e-01,-3.483808403417237853e-01,-7.490791691581540068e-02,-1.463269992229599969e-01,1.558105905763149980e-04,4.814032327155980950e-01,-2.770929767916602282e-01,-8.500209840225721181e-02,4.433791417878407692e-01,2.278711576697365748e-03,1.528378244844887796e-02,-1.112887820849885467e-01,2.550240583083635548e-01,-5.463564989239155789e-02,2.323200236168836419e-01,-2.195444935087990240e-02,-1.079923219821916219e-01,2.322795837363933746e-01,-8.767097787024287492e-02,2.422797851689520096e-02,-3.570187320449122459e-02,-2.427377802308289811e-01,-2.694765541515635743e-01,1.349641785996828769e-01,4.161378084466093585e-01,2.154508930407578737e-01,4.128669177390561495e-01,3.836805710883188225e-01,2.187689161547020922e-01,-2.327466018520957525e-01,1.242527729619401500e-01,2.508798530004505145e-01,-9.109636561172469726e-02,3.105748139308669997e-01,-5.385424236330485503e-02,6.206887582420574090e-02,1.598705685612921146e-01,3.525073805927393927e-03,5.772586839216311549e-01,3.375679674411051212e-01,-1.451374583063096690e-01,-3.658497182495055317e-02,1.770390502467577565e-01,4.240579683194711236e-01,-3.653285871511713356e-01,7.125006908292748076e-01,-2.882100623831017616e-01,-3.905703507502247818e-02,-8.043044888582230600e-02,-4.365498985710520308e-01,2.717814995724471827e-01,9.911317887120252301e-02,1.413594219915493277e-01,1.834271703829732647e-01
-7.050371168276779732e-02,1.348725289482825551e-01,-1.800080422422455431e-02,2.880484149422717355e-01,-2.393095605994127045e-02,5.388767464024599163e-03,-7.033008396990357569e-02,3.078360113378064700e-01,1.887400826787523078e-01,9.528778010896580414e-03,-3.487672778268328666e-01,-4.275194156467944373e-02,9.521527794521113253e-02,-8.833682706368098381e-02,7.396491496046368741e-02,1.615012935170079544e-01,-6.311691603497052161e-02,-1.213897102742901024e-01,1.195661329376596638e-01,4.325714640442170078e-02,-2.323154549604958541e-01,-2.089194088903153709e-02,-1.364412081183968006e-01,8.092713994853575898e-03,3.023870483944167686e-01,-1.593174123349456184e-01,8.074318834997824823e-02,7.464810897307304349e-02,-1.228954812081078790e-01,-3.588650262571039216e-03,1.952413033308996182e-01,1.973086996442970087e-02,7.210880160921394333e-02,-1.404302445260272869e-01,3.456033534764232917e-01,9.702491848319266809e-02,-1.720739777794110803e-01,-4.716746015400108405e-02,-1.221361092260627064e-02,2.465834140363099003e-01,3.115025363935573777e-02,1.697192306739036260e-01,9.754969560224913128e-02,2.329231956960330641e-01,-1.443178313961163695e-01,1.436096229674133640e-01,2.133435162905246082e-02,9.281342845438297906e-02,4.192707761337617633e-02,-5.060854587269877913e-02,5.027846563890633197e-02,-1.598489404621177001e-01,1.918499837373276451e-01,1.600064660456058108e-01,7.289176849028633498e-02,-4.791863557588017797e-03,-1.151811585840170488e-01,4.215735353795245499e-02,-5.512583507178734493e-02,-5.791433757130760862e-02,-6.241758233385346494e-02,1.101966027646258395e-01,1.258987123701838795e-01,-2.579171133282963380e-02,3.159774922583553081e-01,-1.570761267446195986e-01,3.642646405335982218e-02,4.443323223152829266e-02,-7.790440735572851105e-02,-1.126650000180051542e-01,-1.939684311577790643e-01,3.098598998365222068e-02,-9.661544158075498212e-02,2.138940744312906039e-02,-1.560505920581685690e-01,-1.297556173989595218e-01,-1.643813674939113498e-02,-1.542786783958005961e-02,1.519291168009015980e-01,1.307214982647175450e-01,6.470998844399288019e-02,-2.820868391507455608e-01,1.668451459438108353e-01,-2.035321666259213569e-01,-3.937070868640230037e-02,8.527693077531020918e-03,1.041830571883555906e-01,1.443877829477316632e-01,8.615123455325116031e-02,1.000676648297898902e-01,1.183164758871450561e-01,-3.801814780395416926e-02,1.350641623450040407e-01,1.009622459274779477e-01,-1.327132955863408181e-01,3.451407902409751177e-02,-7.481192711593713518e-02,6.883898402843767472e-02,-1.679950692338046114e-02,-1.042212135279318719e-01
1.167184937242152082e-01,1.277750618184290629e-02,2.268337505794391085e-01,2.924219287365020237e-01,7.371209869815137372e-02,-2.399003578299606088e-01,-4.283398706394089817e-02,1.887400826787523078e-01,7.489359011297584967e-01,1.950215542133641733e-02,-4.678215789618294651e-01,-1.223045231023131840e-01,2.331693159359884415e-01,-1.321273170031945776e-01,-1.981958608135892808e-01,9.992782281059303662e-02,3.564745804364121556e-02,3.752394846174338938e-01,2.974470479812825752e-01,-5.194288731545952664e-02,-4.113545959411997743e-01,-2.232580567551929740e-02,-2.215273614754055542e-01,2.214971969361126392e-01,5.798683587000856843e-01,-1.718840372486615808e-01,-1.433570005966375849e-01,1.587784178337203478e-01,-2.205906538820398000e-01,-1.812204925792090249e-01,1.255520198030339596e-01,3.740110755498258777e-01,1.552418067263375834e-01,-1.008660125448144519e-02,8.386178657115861412e-02,-1.197158942773787760e-02,-1.533267693291151534e-01,2.339451116850344015e-01,-3.847231366794068297e-02,1.997337438013070954e-01,2.841001846812356568e-01,2.903417365419829754e-01,3.199687136030002210e-01,5.902082114413237379e-01,1.121044562836154800e-02,-1.681832270305539945e-01,2.461862918780446247e-02,1.607545158367406635e-01,-1.068797937720267210e-01,-1.048523638821047821e-01,8.848316383488867565e-02,-1.683787962594640308e-01,1.816229123794156977e-02,8.236626359863293001e-02,2.385013931115257946e-01,1.673034450788734029e-01,-4.714860468841898522e-02,1.607461926889623416e-01,-1.722126466103822418e-01,-1.584702688023322537e-01,1.565137269314793855e-01,3.395315195040781164e-01,1.823443084251870905e-01,-2.184151301820514979e-01,6.041550165505302772e-01,-3.699656578078233671e-01,-1.294171829060619117e-01,-5.333102588535489769e-02,2.060557834614928918e-02,1.378013073643151731e-01,-4.391170021793032174e-01,-1.208735629520607813e-01,1.746946638348215453e-01,-2.163807357240039586e-01,-4.013506659671265409e-01,-3.270852201147628202e-01,2.272380686584202746e-03,-2.682720262514458054e-01,5.891221811392227670e-01,-7.330261697162662737e-02,-3.250079182421284907e-01,-3.172850313537078359e-01,8.764451060007194538e-02,1.590654254451215055e-01,-3.632665126260462563e-01,-8.656115082203794109e-02,7.139725688699127826e-02,7.923129175540548352e-02,1.990370439670254565e-01,7.100143127471375548e-02,-1.145017357617650611e-01,-1.251238386945177083e-01,1.810753574012916312e-01,-5.464238047582091473e-02,-1.403061055251622335e-01,-3.279112377440853154e-01,-5.097397162379314617e-01,1.011790560349432322e-01,2.263458304846356905e-01,-4.190085358469600729e-01
2.778189156541887583e-01,-1.821122880900525598e-01,1.473256537888596451e-01,-5.359632037692753023e-03,1.673422707843145729e-01,9.430412200651018539e-02,-2.328859608403812398e-01,9.528778010896580414e-03,1.950215542133641733e-02,5.105511065951305882e-01,6.525693169229333790e-02,-5.737065509655343842e-02,-2.726709452096926986e-02,4.749011381496351936e-01,1.415379301111659160e-02,4.597540526182532922e-02,6.993086282232205408e-02,7.686301017349887743e-02,-3.131094037870920527e-02,2.253811355384870152e-01,-9.909277209379360740e-02,1.441995373715293516e-01,3.236941792735580775e-02,-2.317880555376947704e-01,-1.780844428462565257e-02,1.940524415258047253e-01,-1.862623903520723989e-01,-1.286139226465444693e-02,3.359598349229351855e-01,-6.410037939719917706e-03,-1.081138024469845658e-02,2.570787369412186885e-01,1.789967607906939873e-01,1.006493398748240647e-01,1.772810249604497290e-01,1.097232728220836201e-01,2.483224121294960209e-03,-3.212524285701758298e-01,1.674678467763898379e-02,1.875837310204683528e-01,1.912360278594820232e-02,-6.337852130427448771e-02,3.547520078696832502e-01,-6.578355035828184483e-02,1.349356302579855782e-01,-1.460476423468168583e-01,4.868301024459418223e-03,8.801004135453477373e-02,1.708488817875921106e-01,3.486502312758356648e-01,1.283682855906084497e-01,-2.704221220182939991e-02,5.816662946613050320e-03,-5.125002761861926354e-02,-6.251097235516138440e-02,-3.317290131684055149e-02,1.399736964996257937e-01,-1.642104110471132306e-01,-6.676867689221177571e-02,8.511309209626047312e-02,-2.043255457848029144e-01,-7.939924972667888881e-02,-8.569548340930301100e-02,4.492213104376424626e-02,7.031705024202761223e-02,-2.216958623712683707e-01,1.084414782767614271e-01,-1.095567258258793456e-03,-1.296706916215050777e-02,-4.929021254154115211e-02,-8.907890217858371873e-02,-9.328226094663184809e-02,-2.057907409591694659e-01,-1.409741610514098908e-01,-1.256642259557736938e-02,1.128317901793597644e-01,7.542756472516988497e-02,-2.807195867785093960e-03,-7.011398918407174552e-02,-1.536577610344506961e-01,1.891100617570649345e-01,2.355812361718412629e-01,-4.300269997047667658e-01,-4.357303590644493602e-02,-2.300555376991799683e-01,-1.787289297631339813e-01,6.132685481381299625e-02,-1.452013784572863953e-01,3.282562608337923765e-02,-1.059751065321849067e-01,2.434962639799250206e-01,-2.367548063376546663e-01,7.460417429293378366e-02,-7.440429152747568553e-02,-2.049124211703906226e-02,2.990197347551645790e-01,1.588384924859359906e-02,5.994430992050203688e-02,7.365907044109319679e-02,-2.322991540075401706e-02
-1.812494504259046513e-01,-4.161298983322356260e-02,-1.192366601446391977e-01,-4.489551476574333844e-01,3.507684306593825824e-02,-1.964649982642623430e-02,3.278876570453098105e-01,-3.487672778268328666e-01,-4.678215789618294651e-01,6.525693169229333790e-02,9.777050624083314379e-01,-2.819021519096191059e-03,-1.703415407730288211e-01,1.652562693032960661e-01,-3.642490295333614819e-02,-1.764668016260593775e-01,1.529100468510853350e-01,-1.781463275232194332e-01,-2.118901589058034274e-01,-1.133269381975069712e-01,5.338350341594695347e-01,2.084289907881371404e-02,-3.589015882626171022e-02,-1.219672176072781299e-02,-6.431492099121043360e-01,2.241385540925335818e-01,-3.483083193013063877e-02,-1.654464213917863358e-01,3.859292056542132365e-01,3.246582939315578731e-01,-4.557835692635556213e-01,-3.864226605507282974e-02,-3.207571787321499279e-01,1.935788175970643288e-01,-4.026704459527510327e-01,9.276342685134274235e-02,2.708120654149100970e-01,-7.010811898928222263e-02,4.020103056105307771e-02,-5.355360359575211948e-01,-6.111523827834057510e-02,-2.764205825749453393e-01,-4.193253397502775814e-01,-5.962687042450166564e-01,-8.153129291528597722e-02,4.077062920777811683e-02,8.641373966110960092e-02,-3.560998347903565620e-01,-2.210870455498265344e-02,3.717981325794713493e-02,9.340201879265243312e-03,5.625020357923248282e-01,-4.389580735786547949e-01,-2.043832682830655778e-01,9.639039319479374146e-02,-7.740314606058432134e-02,3.304961828568555027e-01,-3.071856818811844470e-01,3.266543710998159322e-01,1.993338624331310593e-01,2.669288079738890360e-02,-4.580565188766146378e-01,-2.685948473052535146e-01,3.172170103581288814e-01,-6.203350492692083495e-01,2.050390357483083126e-01,1.301255935675268705e-01,-6.150155967363117593e-02,-1.801042696671482368e-01,1.324393617671798529e-01,6.842786349211796848e-01,2.131887562959276228e-01,2.027376500436767204e-01,3.450639043085059199e-01,5.973035117420663065e-01,2.426861644344110169e-01,8.605898899696559634e-02,4.248912609753333069e-01,-5.162038299645747008e-01,7.517360728747843335e-02,1.108016328202564849e-01,5.464119749025834194e-01,-2.934983768759142353e-01,1.075914808364364372e-01,6.549666978288698482e-01,1.394679102416392091e-01,-3.159796888533838999e-01,-3.091900640897754515e-01,2.053078675706975290e-02,2.225279286187722139e-01,-2.579799698422131637e-01,4.983306381042553190e-01,-5.195003052296929269e-01,-8.921439265130672036e-02,1.518234199643671845e-01,-3.092981856507437399e-02,6.058702620110218984e-01,3.679616478970926946e-02,1.307728614249406840e-01,5.180120844011001369e-01
4.827205316296390158e-02,1.765639265165934836e-03,-3.009146016327705550e-02,-1.232557107541741720e-01,-7.270028350237428549e-02,7.590403887711905107e-02,-1.207304652886792284e-01,-4.275194156467944373e-02,-1.223045231023131840e-01,-5.737065509655343842e-02,-2.819021519096191059e-03,2.551320450331268086e-01,-1.325487784220013843e-01,-5.174348897894514437e-02,1.205243185961184975e-03,-1.070698358446100368e-01,4.031937257875258668e-03,1.047614944037902340e-01,-4.151016781851919746e-02,6.956880000951709553e-02,-2.476820201212608444e-02,-2.003480385319897708e-02,1.028342564099162110e-01,3.440434166619488893e-02,-1.053375469550323490e-01,-3.105924014227452040e-02,1.788034623435705642e-02,6.973665760251537837e-02,-6.158909839194685702e-03,-4.146139109010495843e-02,9.007337850138018298e-02,-3.611385225449902092e-02,1.123084839291790538e-01,-4.167329026976570455e-02,-2.486921905624606133e-02,-1.070942157175082676e-01,4.259021825283001300e-02,2.164176367835169909e-02,-5.398514134077303517e-02,4.149882865930796388e-02,-1.242603953576971489e-02,-1.284996655580097902e-01,1.381133459513564088e-01,-6.581290464599580392e-02,3.205352866894106700e-02,2.548958904962890515e-02,-6.799341024732562244e-02,5.093346086782069015e-02,-4.023472556174176318e-02,-1.409898718994629652e-01,8.466398943013892647e-03,-1.638638471540287411e-01,4.849820566671864813e-02,1.837647499934094014e-02,-1.991324904552388975e-01,3.426765835284405204e-02,-2.848176689225029659e-02,2.266669027733353090e-02,-5.990535999873146389e-02,6.290021384696756201e-02,-1.086920704377885710e-01,3.960184996206737168e-02,2.007511229251809221e-02,-7.521089737555697319e-02,-1.054709742349607682e-01,8.175972324589285412e-02,5.489051567640258755e-02,1.075955001385487109e-01,1.006465636997748297e-01,4.557853116227923718e-02,-5.270381537022860580e-02,-1.252150721440103698e-01,-1.234282852532889024e-01,-1.353414151711478108e-01,3.038555049671996106e-02,1.583312003166248705e-01,-4.086812416007577775e-02,-4.568285706998920226e-02,3.024412150936660500e-04,-5.966388248312488873e-02,-8.671535382129379188e-02,-3.281248699269979224e-02,-1.904185558007575815e-02,1.422746993225056621e-02,-4.675785131497109393e-02,-5.148907472320173040e-02,-7.517620926635013023e-02,3.731012056502639937e-03,-1.903443136639990374e-01,-2.583204858093258172e-01,5.778188347039701737e-03,-2.238559556758222269e-01,-2.098179854186551715e-02,1.744175590633896544e-02,1.593519435393567496e-01,7.084240353890762509e-02,-4.914470040884624108e-02,-7.982777120483722233e-02,-1.094961170440743731e-01,-1.009427623697133243e-02
-9.550477393194493902e-02,2.698323405312398962e-02,2.246481441886463148e-01,1.927419647197686214e-01,-8.680499691804640858e-03,-1.560290821323591925e-01,1.333974069918437977e-01,9.521527794521113253e-02,2.331693159359884415e-01,-2.726709452096926986e-02,-1.703415407730288211e-01,-1.325487784220013843e-01,5.431659349714744733e-01,-1.178614148894534114e-01,-1.500457085193652486e-02,6.048000641288128060e-02,-6.103385832920821263e-02,-1.610124391892648332e-01,7.028655075868434077e-02,-4.292568930765155305e-02,7.923422911070707175e-02,-1.339451051001266380e-01,2.180277160836330969e-02,-1.015916285752494763e-01,3.636431897170100402e-01,-9.067953130576879295e-02,-6.675084537653071248e-02,-1.803273532202367135e-01,-1.121522384000894629e-01,2.107917600307831762e-01,6.805726311829099484e-02,-8.931156517309599141e-02,-2.748790261865463047e-01,1.481893112032390547e-01,1.463721055577557953e-02,-1.285956446327928600e-03,-2.794808884140359551e-01,-1.152112614546997177e-01,1.354356469426945819e-01,1.858185868376622252e-01,-1.349236203860940952e-01,3.313038661128008266e-01,-1.773562563984685814e-01,2.574683764454551715e-01,2.085948065211697400e-01,3.292572538235581936e-01,1.444979609996411285e-01,3.908733243060411727e-02,2.197841598044062150e-01,1.115918516257868170e-01,-8.673854661087744555e-02,5.514363006098453590e-02,-1.837060664851264749e-02,5.385700115656256309e-02,2.195237066627753197e-01,1.183564552426540212e-01,-1.654309325842409917e-01,1.509143562385902027e-01,-3.684884384708222993e-02,-1.173279708317611220e-01,2.641272004481710067e-01,-2.002119171292943423e-01,7.750354853300957247e-02,1.795485829467094174e-01,2.592487174190880594e-01,-6.125061975097826489e-02,-1.638626676514542413e-01,6.581642784722016581e-02,9.940558433915271108e-02,-1.545733230100116429e-01,4.787921580291261414e-02,1.355920805753342007e-01,1.343077087346100651e-01,3.510234611498491697e-01,-2.448454490546515538e-01,-1.676425058268114499e-01,-7.111048706909316175e-02,-1.479990644654603227e-01,2.511572103363582387e-01,6.892761382808482162e-02,1.436670245180057259e-01,-5.786989030226585146e-02,2.027133237288794854e-01,4.675547900597024770e-02,-3.123805945652750049e-01,1.869145195952251481e-01,1.773793360249224793e-01,4.843533451958775132e-02,1.950940024650263949e-01,2.613831450761870401e-01,9.307367615475167777e-02,-3.305394806199864893e-02,3.052411440210812676e-01,-1.375520985748450997e-01,-1.587850307536939343e-01,1.017898960692335958e-01,5.952276549440903980e-02,-7.756812091416133426e-02,9.343658184922831733e-03,1.140008479215300213e-01
3.530520736619326971e-01,-3.095142835861916519e-01,1.944062702980968449e-01,-1.447651063451981246e-01,2.003423529220713928e-01,1.639670966355457893e-01,-2.890332546159477545e-01,-8.833682706368098381e-02,-1.321273170031945776e-01,4.749011381496351936e-01,1.652562693032960661e-01,-5.174348897894514437e-02,-1.178614148894534114e-01,6.679351385361197435e-01,-1.591979961017769840e-02,-2.126816927279981048e-02,-1.664701572989638056e-02,1.029788455753406218e-01,-1.576178629071335602e-01,2.343441041996397189e-01,9.376274407248182119e-02,2.222438020615930265e-01,2.786679341417270250e-01,-3.271215831168025612e-01,-2.010248862657345315e-01,3.322897430670785357e-01,-2.518778063250580179e-01,-7.686444366300056175e-02,4.589181168732403560e-01,-1.990214423482072198e-02,-1.060641928875616924e-01,1.875934880619945788e-01,1.687178991521376681e-01,1.961884011997092336e-01,3.421778706604341330e-02,1.398611280997985422e-02,2.514052536665228009e-03,-4.376389726235943578e-01,1.547356723834583843e-02,1.382976166195857559e-01,-1.128220608317960089e-01,-1.946502290662374957e-01,2.857178818553531285e-01,-2.799804772479403403e-01,3.414362058658377830e-01,-2.351430239521205001e-01,-1.606368906533109375e-02,9.756132827678093422e-02,2.309571883848806906e-01,5.396026458357680022e-01,2.453082799738571726e-02,-2.845990180050079685e-02,-3.385571910261674089e-02,-1.288964443043710550e-01,-2.048294505521481013e-01,-6.171232176962695298e-02,1.820847242302627012e-01,-1.308233287423643254e-01,-7.379785861633902933e-02,1.424657706779240696e-01,-1.467218002977234981e-01,-1.519795126879840419e-01,-1.576831302709275073e-01,6.508913153142514840e-02,-1.262994130014184480e-01,-1.080119748203491742e-01,2.720204465220919104e-02,-4.194470539289005956e-02,1.010139079402508910e-01,-9.658721996993539782e-02,-2.357488413667929023e-02,-1.283349427814657329e-01,-2.435324979219370967e-01,-1.721091066088819288e-01,1.594634555338082446e-02,2.022165992873145024e-01,8.941615170278778557e-02,9.989906739998504967e-03,-2.420734838105183806e-01,-2.922812869131247715e-01,2.638225626757070841e-01,4.351223298158505282e-01,-5.397958815424307444e-01,5.859788233185419387e-02,-3.374484062792014183e-01,-1.924760973074201298e-01,1.010158701813013704e-01,-1.852594199852573287e-01,-6.707474689222650555e-02,-2.018487148984889068e-01,3.105956023922659681e-01,-3.153605584732445122e-01,7.420997414246018054e-02,-1.177813434256501091e-01,-2.563753532223738557e-02,4.656752044583545302e-01,5.518965954053876161e-02,-1.806909949116166855e-02,-1.377913893006068539e-03,5.499863115240985478e-02
-2.518322396332348112e-02,9.127531837786703739e-02,-1.467484716238036998e-03,-1.217738465709696481e-02,3.582508709226268299e-03,7.497992895991104079e-02,5.384295546550972589e-02,7.396491496046368741e-02,-1.981958608135892808e-01,1.415379301111659160e-02,-3.642490295333614819e-02,1.205243185961184975e-03,-1.500457085193652486e-02,-1.591979961017769840e-02,3.512555706676956380e-01,6.309789029707045527e-02,-2.959986897147728890e-02,-3.058377113891856403e-01,3.899518089287194733e-02,1.308948583976883295e-01,7.415647302516828465e-02,5.076536512336193158e-02,3.120111765519390651e-02,-7.187061216184875700e-02,-6.229500442425564555e-02,-6.497053659001822412e-02,2.334625914282346393e-01,-1.339895371690944526e-01,2.741350318485755600e-03,5.586982975622252490e-02,1.604342993274101847e-01,-1.416835236319774205e-01,-7.438583288739850086e-02,9.547076450958782295e-03,2.725415603662714181e-01,1.204831405217240553e-01,-5.238845920864945716e-02,-1.676309262108681974e-01,1.069750077025555940e-01,1.033668574562779212e-02,-6.548268691119712992e-02,1.110801010755944479e-01,4.141580060103344785e-02,-9.563799729589006482e-02,-5.494463947060383019e-02,1.883737375870680186e-01,4.486180395374118196e-03,-8.508388491484007721e-02,2.725501988026441946e-01,8.673622239142554646e-02,1.114204355916830064e-01,1.192952587473822962e-01,1.027971050057102514e-01,-1.165318103596160206e-02,4.319698678234550060e-02,-3.379826007036560581e-02,-1.046809005640046836e-01,-1.007321718384655840e-01,4.807242115755535478e-02,4.070776560880283446e-02,-2.145939298191602285e-01,2.477504462918494327e-02,-8.018411462191318839e-02,2.638184628030244561e-01,9.474317740134224897e-02,-1.169938913397453734e-01,1.741676449994582487e-01,-1.018804706093659473e-01,-6.319244087176266456e-02,-2.042083887005821663e-01,-3.253757690209172632e-02,-2.650368101661479750e-02,-1.599618908412122065e-01,1.424555427912795047e-01,9.042113600448439814e-02,3.116014727673032531e-02,5.219808146539182958e-02,1.984178919168642086e-01,-1.026489796430288676e-01,2.533000182271753498e-01,2.375304592164922679e-01,2.048984762276016489e-02,-7.111076160282499281e-02,-2.714388362251665687e-01,1.043847443872818748e-01,1.768964995386862471e-01,-9.623459373322065108e-03,3.246189271573070995e-02,-2.669697660036062653e-02,1.083172388796820873e-01,1.208966973354019536e-01,-1.722503884672401536e-02,3.761123131859298724e-02,-4.100857296381296008e-02,-8.145932888329657229e-02,1.434132249745022625e-01,1.782450213589160670e-01,6.582979796339608058e-02,-8.407287588441698933e-02,8.099909499427523918e-02
